[gd_scene load_steps=8 format=3 uid="uid://csnxmtuuode4i"]

[ext_resource type="PackedScene" uid="uid://qreq2w0mu8h2" path="res://block.tscn" id="1_4y0ew"]
[ext_resource type="PackedScene" uid="uid://ba52xc235p8pb" path="res://player.tscn" id="2_uhrpw"]
[ext_resource type="Environment" uid="uid://7byi32fv8xmx" path="res://Resources/node_3d_environment.tres" id="4_dletc"]
[ext_resource type="PackedScene" uid="uid://c6lskca4antrx" path="res://coin.tscn" id="5_s6qxb"]

[sub_resource type="StandardMaterial3D" id="StandardMaterial3D_14674"]
albedo_color = Color(0.592157, 0.466667, 0.956863, 1)
metallic = 0.21

[sub_resource type="BoxMesh" id="BoxMesh_w7flf"]
material = SubResource("StandardMaterial3D_14674")
size = Vector3(9, 0.3, 10)

[sub_resource type="BoxShape3D" id="BoxShape3D_gj3mg"]
size = Vector3(9, 0.3, 10)

[node name="Level1" type="Node3D"]

[node name="Camera3D" type="Camera3D" parent="."]
transform = Transform3D(-0.999491, -0.0160732, -0.0275412, -0.0223891, 0.968714, 0.247169, 0.0227067, 0.24766, -0.968581, 0.0572506, 4.42609, -9.3792)
fov = 76.2686

[node name="Floor" type="StaticBody3D" parent="."]
transform = Transform3D(1, 0, 0, 0, 1, 0, 0, 0, 1, 0, 0.0317655, -0.418636)
metadata/_edit_group_ = true

[node name="MeshInstance3D" type="MeshInstance3D" parent="Floor"]
mesh = SubResource("BoxMesh_w7flf")

[node name="CollisionShape3D" type="CollisionShape3D" parent="Floor"]
shape = SubResource("BoxShape3D_gj3mg")

[node name="DirectionalLight3D" type="DirectionalLight3D" parent="."]
transform = Transform3D(1, 0, 0, 0, -0.122147, 0.992512, 0, -0.992512, -0.122147, 0, 6.76616, -0.478456)
shadow_enabled = true

[node name="Blocks" type="Node3D" parent="."]

[node name="Block1" parent="Blocks" instance=ExtResource("1_4y0ew")]
transform = Transform3D(1, 0, 0, 0, 0.999716, -0.023821, 0, 0.023821, 0.999716, 1.64432, 2.16706, 2.00812)

[node name="Block2" parent="Blocks" instance=ExtResource("1_4y0ew")]
transform = Transform3D(-0.0246882, -0.0426177, 0.998786, -0.0140248, -0.998978, -0.0429724, 0.999597, -0.0150688, 0.0240652, 1.93436, 1.20915, 0)

[node name="Block3" parent="Blocks" instance=ExtResource("1_4y0ew")]
transform = Transform3D(-0.0246882, -0.0426177, 0.998786, -0.0140248, -0.998978, -0.0429724, 0.999597, -0.0150688, 0.0240652, -0.0684612, 3.3853, 2.70173)

[node name="Block4" parent="Blocks" instance=ExtResource("1_4y0ew")]
transform = Transform3D(-0.0246882, -0.0426177, 0.998786, -0.0140248, -0.998978, -0.0429724, 0.999597, -0.0150688, 0.0240652, -1.90395, 4.07965, 2.70173)

[node name="Player" parent="." instance=ExtResource("2_uhrpw")]
transform = Transform3D(0.999129, -0.0417118, -0.00142601, 0.0417362, 0.998545, 0.0341375, 0, -0.0341673, 0.999416, -1.43192, 1.10739, -0.914319)

[node name="Coins" type="Node3D" parent="."]

[node name="Coin1" parent="Coins" instance=ExtResource("5_s6qxb")]
transform = Transform3D(-0.00623083, 0.999981, 0, -0.999981, -0.00623083, 0, 0, 0, 1, 1.90157, 1.94638, 0.0188857)

[node name="Coin2" parent="Coins" instance=ExtResource("5_s6qxb")]
transform = Transform3D(-0.00623083, 0.999981, 0, -0.999981, -0.00623083, 0, 0, 0, 1, 0.0511121, 4.07735, 2.20552)

[node name="Coin3" parent="Coins" instance=ExtResource("5_s6qxb")]
transform = Transform3D(-0.00623083, 0.999981, 0, -0.999981, -0.00623083, 0, 0, 0, 1, -1.8554, 4.57112, 2.58438)

[node name="WorldEnvironment" type="WorldEnvironment" parent="."]
environment = ExtResource("4_dletc")
